[0, 0, 35, 12] 255
[0, 0, 35, 13] 255
[0, 0, 35, 14] 255
[0, 0, 35, 15] 255
[0, 0, 35, 16] 255
[0, 0, 35, 17] 255
[0, 0, 35, 18] 255
[0, 0, 35, 19] 255
[0, 0, 35, 20] 255
[0, 0, 35, 21] 0
[0, 0, 35, 22] 0
[0, 0, 35, 23] 0
[0, 0, 35, 24] 0
[0, 0, 35, 25] 0
[0, 0, 35, 26] 255
[0, 0, 36, 12] 255
[0, 0, 36, 13] 255
[0, 0, 36, 14] 255
[0, 0, 36, 15] 255
[0, 0, 36, 16] 0
[0, 0, 36, 17] 0
[0, 0, 36, 18] 0
[0, 0, 36, 19] 255
[0, 0, 36, 20] 0
[0, 0, 36, 21] 0
[0, 0, 36, 22] 0
[0, 0, 36, 23] 0
[0, 0, 36, 24] 0
[0, 0, 36, 25] 0
[0, 0, 36, 26] 0
[0, 0, 37, 12] 255
[0, 0, 37, 13] 255
[0, 0, 37, 14] 255
[0, 0, 37, 15] 255
[0, 0, 37, 16] 0
[0, 0, 37, 17] 0
[0, 0, 37, 18] 0
[0, 0, 37, 19] 255
[0, 0, 37, 20] 0
[0, 0, 37, 21] 0
[0, 0, 37, 22] 0
[0, 0, 37, 23] 0
[0, 0, 37, 24] 0
[0, 0, 37, 25] 0
[0, 0, 37, 26] 0
[0, 0, 38, 12] 255
[0, 0, 38, 13] 255
[0, 0, 38, 14] 255
[0, 0, 38, 15] 255
[0, 0, 38, 16] 0
[0, 0, 38, 17] 0
[0, 0, 38, 18] 0
[0, 0, 38, 19] 255
[0, 0, 38, 20] 0
[0, 0, 38, 21] 0
[0, 0, 38, 22] 0
[0, 0, 38, 23] 255
[0, 0, 38, 24] 0
[0, 0, 38, 25] 0
[0, 0, 38, 26] 0
[0, 0, 39, 12] 255
[0, 0, 39, 13] 255
[0, 0, 39, 14] 255
[0, 0, 39, 15] 255
[0, 0, 39, 16] 0
[0, 0, 39, 17] 0
[0, 0, 39, 18] 0
[0, 0, 39, 19] 255
[0, 0, 39, 20] 0
[0, 0, 39, 21] 0
[0, 0, 39, 22] 0
[0, 0, 39, 23] 255
[0, 0, 39, 24] 0
[0, 0, 39, 25] 0
[0, 0, 39, 26] 0
[0, 0, 40, 12] 255
[0, 0, 40, 13] 255
[0, 0, 40, 14] 255
[0, 0, 40, 15] 255
[0, 0, 40, 16] 0
[0, 0, 40, 17] 0
[0, 0, 40, 18] 0
[0, 0, 40, 19] 255
[0, 0, 40, 20] 0
[0, 0, 40, 21] 0
[0, 0, 40, 22] 0
[0, 0, 40, 23] 255
[0, 0, 40, 24] 0
[0, 0, 40, 25] 0
[0, 0, 40, 26] 0
[0, 0, 41, 12] 255
[0, 0, 41, 13] 255
[0, 0, 41, 14] 255
[0, 0, 41, 15] 255
[0, 0, 41, 16] 0
[0, 0, 41, 17] 0
[0, 0, 41, 18] 0
[0, 0, 41, 19] 255
[0, 0, 41, 20] 0
[0, 0, 41, 21] 0
[0, 0, 41, 22] 255
[0, 0, 41, 23] 255
[0, 0, 41, 24] 0
[0, 0, 41, 25] 0
[0, 0, 41, 26] 0
[0, 0, 42, 12] 255
[0, 0, 42, 13] 255
[0, 0, 42, 14] 255
[0, 0, 42, 15] 255
[0, 0, 42, 16] 0
[0, 0, 42, 17] 0
[0, 0, 42, 18] 0
[0, 0, 42, 19] 0
[0, 0, 42, 20] 0
[0, 0, 42, 21] 0
[0, 0, 42, 22] 0
[0, 0, 42, 23] 0
[0, 0, 42, 24] 0
[0, 0, 42, 25] 0
[0, 0, 42, 26] 0
[0, 0, 43, 12] 255
[0, 0, 43, 13] 255
[0, 0, 43, 14] 255
[0, 0, 43, 15] 255
[0, 0, 43, 16] 255
[0, 0, 43, 17] 0
[0, 0, 43, 18] 0
[0, 0, 43, 19] 0
[0, 0, 43, 20] 0
[0, 0, 43, 21] 0
[0, 0, 43, 22] 0
[0, 0, 43, 23] 0
[0, 0, 43, 24] 0
[0, 0, 43, 25] 0
[0, 0, 43, 26] 0
[0, 0, 44, 12] 255
[0, 0, 44, 13] 255
[0, 0, 44, 14] 255
[0, 0, 44, 15] 255
[0, 0, 44, 16] 255
[0, 0, 44, 17] 255
[0, 0, 44, 18] 0
[0, 0, 44, 19] 0
[0, 0, 44, 20] 0
[0, 0, 44, 21] 0
[0, 0, 44, 22] 0
[0, 0, 44, 23] 0
[0, 0, 44, 24] 0
[0, 0, 44, 25] 0
[0, 0, 44, 26] 0
[0, 0, 45, 12] 255
[0, 0, 45, 13] 255
[0, 0, 45, 14] 255
[0, 0, 45, 15] 255
[0, 0, 45, 16] 255
[0, 0, 45, 17] 255
[0, 0, 45, 18] 255
[0, 0, 45, 19] 255
[0, 0, 45, 20] 255
[0, 0, 45, 21] 255
[0, 0, 45, 22] 255
[0, 0, 45, 23] 255
[0, 0, 45, 24] 255
[0, 0, 45, 25] 255
[0, 0, 45, 26] 255
[0, 1, 35, 31] 255
[0, 1, 35, 32] 255
[0, 1, 35, 33] 255
[0, 1, 35, 34] 255
[0, 1, 35, 35] 255
[0, 1, 35, 36] 255
[0, 1, 35, 37] 255
[0, 1, 35, 38] 255
[0, 1, 35, 39] 255
[0, 1, 35, 40] 255
[0, 1, 35, 41] 255
[0, 1, 36, 31] 255
[0, 1, 36, 32] 255
[0, 1, 36, 33] 255
[0, 1, 36, 34] 255
[0, 1, 36, 35] 255
[0, 1, 36, 36] 255
[0, 1, 36, 37] 255
[0, 1, 36, 38] 255
[0, 1, 36, 39] 255
[0, 1, 36, 40] 255
[0, 1, 36, 41] 255
[0, 1, 37, 31] 255
[0, 1, 37, 32] 255
[0, 1, 37, 33] 0
[0, 1, 37, 34] 0
[0, 1, 37, 35] 0
[0, 1, 37, 36] 0
[0, 1, 37, 37] 0
[0, 1, 37, 38] 0
[0, 1, 37, 39] 0
[0, 1, 37, 40] 255
[0, 1, 37, 41] 255
[0, 1, 38, 31] 255
[0, 1, 38, 32] 0
[0, 1, 38, 33] 0
[0, 1, 38, 34] 0
[0, 1, 38, 35] 0
[0, 1, 38, 36] 0
[0, 1, 38, 37] 0
[0, 1, 38, 38] 0
[0, 1, 38, 39] 0
[0, 1, 38, 40] 0
[0, 1, 38, 41] 255
[0, 1, 39, 31] 0
[0, 1, 39, 32] 0
[0, 1, 39, 33] 0
[0, 1, 39, 34] 0
[0, 1, 39, 35] 0
[0, 1, 39, 36] 0
[0, 1, 39, 37] 0
[0, 1, 39, 38] 0
[0, 1, 39, 39] 0
[0, 1, 39, 40] 0
[0, 1, 39, 41] 0
[0, 1, 40, 31] 0
[0, 1, 40, 32] 0
[0, 1, 40, 33] 0
[0, 1, 40, 34] 255
[0, 1, 40, 35] 255
[0, 1, 40, 36] 255
[0, 1, 40, 37] 255
[0, 1, 40, 38] 255
[0, 1, 40, 39] 0
[0, 1, 40, 40] 0
[0, 1, 40, 41] 0
[0, 1, 41, 31] 0
[0, 1, 41, 32] 0
[0, 1, 41, 33] 0
[0, 1, 41, 34] 255
[0, 1, 41, 35] 255
[0, 1, 41, 36] 255
[0, 1, 41, 37] 255
[0, 1, 41, 38] 255
[0, 1, 41, 39] 0
[0, 1, 41, 40] 0
[0, 1, 41, 41] 0
[0, 1, 42, 31] 0
[0, 1, 42, 32] 0
[0, 1, 42, 33] 0
[0, 1, 42, 34] 255
[0, 1, 42, 35] 255
[0, 1, 42, 36] 255
[0, 1, 42, 37] 255
[0, 1, 42, 38] 255
[0, 1, 42, 39] 0
[0, 1, 42, 40] 0
[0, 1, 42, 41] 0
[0, 1, 43, 31] 0
[0, 1, 43, 32] 0
[0, 1, 43, 33] 0
[0, 1, 43, 34] 255
[0, 1, 43, 35] 255
[0, 1, 43, 36] 255
[0, 1, 43, 37] 255
[0, 1, 43, 38] 255
[0, 1, 43, 39] 0
[0, 1, 43, 40] 0
[0, 1, 43, 41] 0
[0, 1, 44, 31] 0
[0, 1, 44, 32] 0
[0, 1, 44, 33] 0
[0, 1, 44, 34] 255
[0, 1, 44, 35] 255
[0, 1, 44, 36] 255
[0, 1, 44, 37] 255
[0, 1, 44, 38] 255
[0, 1, 44, 39] 0
[0, 1, 44, 40] 0
[0, 1, 44, 41] 0
[0, 1, 45, 31] 0
[0, 1, 45, 32] 0
[0, 1, 45, 33] 0
[0, 1, 45, 34] 255
[0, 1, 45, 35] 255
[0, 1, 45, 36] 255
[0, 1, 45, 37] 255
[0, 1, 45, 38] 255
[0, 1, 45, 39] 0
[0, 1, 45, 40] 0
[0, 1, 45, 41] 0
[1, 0, 59, 12] 0
[1, 0, 59, 13] 0
[1, 0, 59, 14] 0
[1, 0, 59, 15] 0
[1, 0, 59, 16] 0
[1, 0, 59, 17] 0
[1, 0, 59, 18] 0
[1, 0, 59, 19] 0
[1, 0, 59, 20] 0
[1, 0, 59, 21] 0
[1, 0, 59, 22] 0
[1, 0, 59, 23] 0
[1, 0, 59, 24] 0
[1, 0, 59, 25] 0
[1, 0, 59, 26] 0
[1, 0, 60, 12] 0
[1, 0, 60, 13] 0
[1, 0, 60, 14] 0
[1, 0, 60, 15] 0
[1, 0, 60, 16] 0
[1, 0, 60, 17] 0
[1, 0, 60, 18] 0
[1, 0, 60, 19] 0
[1, 0, 60, 20] 0
[1, 0, 60, 21] 0
[1, 0, 60, 22] 0
[1, 0, 60, 23] 0
[1, 0, 60, 24] 0
[1, 0, 60, 25] 0
[1, 0, 60, 26] 0
[1, 0, 61, 12] 0
[1, 0, 61, 13] 0
[1, 0, 61, 14] 0
[1, 0, 61, 15] 0
[1, 0, 61, 16] 0
[1, 0, 61, 17] 0
[1, 0, 61, 18] 0
[1, 0, 61, 19] 0
[1, 0, 61, 20] 0
[1, 0, 61, 21] 0
[1, 0, 61, 22] 0
[1, 0, 61, 23] 0
[1, 0, 61, 24] 0
[1, 0, 61, 25] 0
[1, 0, 61, 26] 0
[1, 0, 62, 12] 255
[1, 0, 62, 13] 255
[1, 0, 62, 14] 255
[1, 0, 62, 15] 255
[1, 0, 62, 16] 0
[1, 0, 62, 17] 0
[1, 0, 62, 18] 0
[1, 0, 62, 19] 0
[1, 0, 62, 20] 255
[1, 0, 62, 21] 255
[1, 0, 62, 22] 255
[1, 0, 62, 23] 0
[1, 0, 62, 24] 0
[1, 0, 62, 25] 0
[1, 0, 62, 26] 0
[1, 0, 63, 12] 255
[1, 0, 63, 13] 255
[1, 0, 63, 14] 255
[1, 0, 63, 15] 255
[1, 0, 63, 16] 0
[1, 0, 63, 17] 0
[1, 0, 63, 18] 0
[1, 0, 63, 19] 255
[1, 0, 63, 20] 255
[1, 0, 63, 21] 255
[1, 0, 63, 22] 255
[1, 0, 63, 23] 255
[1, 0, 63, 24] 0
[1, 0, 63, 25] 0
[1, 0, 63, 26] 0
[1, 0, 64, 12] 255
[1, 0, 64, 13] 255
[1, 0, 64, 14] 255
[1, 0, 64, 15] 255
[1, 0, 64, 16] 0
[1, 0, 64, 17] 0
[1, 0, 64, 18] 0
[1, 0, 64, 19] 255
[1, 0, 64, 20] 255
[1, 0, 64, 21] 255
[1, 0, 64, 22] 255
[1, 0, 64, 23] 255
[1, 0, 64, 24] 0
[1, 0, 64, 25] 0
[1, 0, 64, 26] 0
[1, 0, 65, 12] 255
[1, 0, 65, 13] 255
[1, 0, 65, 14] 255
[1, 0, 65, 15] 255
[1, 0, 65, 16] 0
[1, 0, 65, 17] 0
[1, 0, 65, 18] 0
[1, 0, 65, 19] 255
[1, 0, 65, 20] 255
[1, 0, 65, 21] 255
[1, 0, 65, 22] 255
[1, 0, 65, 23] 255
[1, 0, 65, 24] 0
[1, 0, 65, 25] 0
[1, 0, 65, 26] 0
[1, 0, 66, 12] 255
[1, 0, 66, 13] 255
[1, 0, 66, 14] 255
[1, 0, 66, 15] 255
[1, 0, 66, 16] 0
[1, 0, 66, 17] 0
[1, 0, 66, 18] 0
[1, 0, 66, 19] 255
[1, 0, 66, 20] 255
[1, 0, 66, 21] 255
[1, 0, 66, 22] 255
[1, 0, 66, 23] 255
[1, 0, 66, 24] 0
[1, 0, 66, 25] 0
[1, 0, 66, 26] 0
[1, 0, 67, 12] 255
[1, 0, 67, 13] 255
[1, 0, 67, 14] 255
[1, 0, 67, 15] 255
[1, 0, 67, 16] 0
[1, 0, 67, 17] 0
[1, 0, 67, 18] 0
[1, 0, 67, 19] 0
[1, 0, 67, 20] 0
[1, 0, 67, 21] 0
[1, 0, 67, 22] 0
[1, 0, 67, 23] 0
[1, 0, 67, 24] 0
[1, 0, 67, 25] 0
[1, 0, 67, 26] 0
[1, 0, 68, 12] 255
[1, 0, 68, 13] 255
[1, 0, 68, 14] 255
[1, 0, 68, 15] 255
[1, 0, 68, 16] 255
[1, 0, 68, 17] 0
[1, 0, 68, 18] 0
[1, 0, 68, 19] 0
[1, 0, 68, 20] 0
[1, 0, 68, 21] 0
[1, 0, 68, 22] 0
[1, 0, 68, 23] 0
[1, 0, 68, 24] 0
[1, 0, 68, 25] 0
[1, 0, 68, 26] 255
[1, 0, 69, 12] 255
[1, 0, 69, 13] 255
[1, 0, 69, 14] 255
[1, 0, 69, 15] 255
[1, 0, 69, 16] 255
[1, 0, 69, 17] 255
[1, 0, 69, 18] 0
[1, 0, 69, 19] 0
[1, 0, 69, 20] 0
[1, 0, 69, 21] 0
[1, 0, 69, 22] 0
[1, 0, 69, 23] 0
[1, 0, 69, 24] 0
[1, 0, 69, 25] 255
[1, 0, 69, 26] 255
[1, 1, 59, 31] 255
[1, 1, 59, 32] 255
[1, 1, 59, 33] 255
[1, 1, 59, 34] 255
[1, 1, 59, 35] 255
[1, 1, 59, 36] 255
[1, 1, 59, 37] 255
[1, 1, 59, 38] 255
[1, 1, 59, 39] 255
[1, 1, 59, 40] 255
[1, 1, 59, 41] 255
[1, 1, 60, 31] 255
[1, 1, 60, 32] 255
[1, 1, 60, 33] 255
[1, 1, 60, 34] 255
[1, 1, 60, 35] 255
[1, 1, 60, 36] 255
[1, 1, 60, 37] 255
[1, 1, 60, 38] 255
[1, 1, 60, 39] 255
[1, 1, 60, 40] 255
[1, 1, 60, 41] 255
[1, 1, 61, 31] 255
[1, 1, 61, 32] 255
[1, 1, 61, 33] 255
[1, 1, 61, 34] 255
[1, 1, 61, 35] 255
[1, 1, 61, 36] 255
[1, 1, 61, 37] 255
[1, 1, 61, 38] 255
[1, 1, 61, 39] 255
[1, 1, 61, 40] 255
[1, 1, 61, 41] 255
[1, 1, 62, 31] 255
[1, 1, 62, 32] 255
[1, 1, 62, 33] 255
[1, 1, 62, 34] 255
[1, 1, 62, 35] 255
[1, 1, 62, 36] 255
[1, 1, 62, 37] 255
[1, 1, 62, 38] 255
[1, 1, 62, 39] 255
[1, 1, 62, 40] 255
[1, 1, 62, 41] 255
[1, 1, 63, 31] 255
[1, 1, 63, 32] 255
[1, 1, 63, 33] 255
[1, 1, 63, 34] 255
[1, 1, 63, 35] 255
[1, 1, 63, 36] 255
[1, 1, 63, 37] 255
[1, 1, 63, 38] 255
[1, 1, 63, 39] 255
[1, 1, 63, 40] 255
[1, 1, 63, 41] 255
[1, 1, 64, 31] 255
[1, 1, 64, 32] 255
[1, 1, 64, 33] 255
[1, 1, 64, 34] 255
[1, 1, 64, 35] 255
[1, 1, 64, 36] 255
[1, 1, 64, 37] 255
[1, 1, 64, 38] 255
[1, 1, 64, 39] 255
[1, 1, 64, 40] 255
[1, 1, 64, 41] 255
[1, 1, 65, 31] 255
[1, 1, 65, 32] 255
[1, 1, 65, 33] 255
[1, 1, 65, 34] 255
[1, 1, 65, 35] 255
[1, 1, 65, 36] 255
[1, 1, 65, 37] 255
[1, 1, 65, 38] 255
[1, 1, 65, 39] 255
[1, 1, 65, 40] 255
[1, 1, 65, 41] 255
[1, 1, 66, 31] 255
[1, 1, 66, 32] 255
[1, 1, 66, 33] 255
[1, 1, 66, 34] 255
[1, 1, 66, 35] 255
[1, 1, 66, 36] 255
[1, 1, 66, 37] 255
[1, 1, 66, 38] 255
[1, 1, 66, 39] 255
[1, 1, 66, 40] 255
[1, 1, 66, 41] 255
[1, 1, 67, 31] 255
[1, 1, 67, 32] 255
[1, 1, 67, 33] 255
[1, 1, 67, 34] 255
[1, 1, 67, 35] 255
[1, 1, 67, 36] 255
[1, 1, 67, 37] 255
[1, 1, 67, 38] 255
[1, 1, 67, 39] 255
[1, 1, 67, 40] 255
[1, 1, 67, 41] 255
[1, 1, 68, 31] 255
[1, 1, 68, 32] 255
[1, 1, 68, 33] 255
[1, 1, 68, 34] 255
[1, 1, 68, 35] 255
[1, 1, 68, 36] 255
[1, 1, 68, 37] 255
[1, 1, 68, 38] 255
[1, 1, 68, 39] 255
[1, 1, 68, 40] 255
[1, 1, 68, 41] 255
[1, 1, 69, 31] 255
[1, 1, 69, 32] 255
[1, 1, 69, 33] 255
[1, 1, 69, 34] 255
[1, 1, 69, 35] 255
[1, 1, 69, 36] 255
[1, 1, 69, 37] 255
[1, 1, 69, 38] 255
[1, 1, 69, 39] 255
[1, 1, 69, 40] 255
[1, 1, 69, 41] 255
